%{x1|1~3} {x2|S=1,M=2,L=3}
dataset=[
    -1 1 1;
    -1 2 1;
    1 2 1;
    1 1 1 ;
    -1 1 1;
    -1 1 2;
    -1 2 2;
    1 2 2;
    1 2 3;
    1 2 3;
    1 3 3;
    1 3 2 ;
    1 3 2 ;
    1 3 3;
    -1 3 3;
    ];

