import assign_point.*

logo='r*yob.g^ro';
hold on;
dataset=[0.757165955455080,0.637920749171789;0.240713033541195,0.725059755063973;0.230909836018301,0.894647612386255;0.0119883821994998,0.767987004548132;0.132474625822457,0.206846838462889;0.209386548479040,0.0433041575402289;0.214182716384050,0.153563556887829;0.905794370282143,0.718313564120591;0.277772501400827,0.128643505891081;0.0971019894267973,0.220788923652274;0.782821526670524,0.453559441489318;0.667520944604570,0.465260851971691;0.612672548528441,0.0897862581146435;0.343792421289708,0.506729645061984;0.690338891464082,0.0765090983525664;0.233558970402658,0.166524695872434;0.308029426654619,0.747710039127429;0.357300705035804,0.334567260318324;0.216697932367009,0.305054021165106;0.677280004283046,0.818878552761969;0.736014713740831,0.982048945374202;0.0100185705081634,0.968970008395478;0.355914314193773,0.576622335269014;0.239954583001563,0.233482991102818;0.927608731363223,0.292098451838874;0.762986816223549,0.673764331879990;0.379387102683397,0.573738701774179;0.685956275663823,0.199702249129722;0.698872673219376,0.958198397114720;0.590398235040816,0.336154890392076;0.962055535472913,0.149664105303348;0.781345653172047,0.328383218060923;0.538427479061901,0.113096676567634;0.0941382510166930,0.771914476030847;0.886008685110991,0.792562519354107;0.257495133440266,0.587068781068013;0.463506865876196,0.0791916209259588;0.330798270091260,0.192901989423697;0.756773387686601,0.775405135198076;0.802849335327990,0.353391437287061;0.803117690893612,0.838947784834775;0.876636860328713,0.133887257475644;0.0874740675440413,0.698147940585025;0.667913624903703,0.190344628030756;0.502421972529354,0.396806895101165;0.335562040666086,0.338947324289590;0.588561469425868,0.922692756839730;0.351932586972910,0.838402608756176;0.206717653448786,0.629524052851101;0.262154546296404,0.865490649812760;0.0986493029057204,0.216289591681076;0.150063189520438,0.0648990849056403;0.321019344134903,0.678000534448262;0.594389455161452,0.535120190236234;0.153738062315018,0.517349233632873;0.0626255991383137,0.255718668457607;0.00778223005726730,0.852827587736811;0.774260127945252,0.823201061074928;0.682045019145825,0.0165722102089281;0.120503154992744,0.474710003612981;0.719253399296351,0.944118569767781;0.161854103749308,0.458620542739682;0.120160149952966,0.849972299911911;0.681152106103643,0.535552391452369;0.144826655994988,0.434101281159365;0.0578277521777769,0.0244337051299548;0.134942002869956,0.504359780762734;0.0147804385042802,0.876483955313540;0.189117151280089,0.908248818284871;0.0708621182879046,0.285203484332663;0.0378597506004695,0.132703661976258;0.307870208130694,0.000132543545445563;0.515735546023720,0.317960710505006;0.393510740154600,0.530107999980754;0.995195514105615,0.829176120704962;0.439599979444392,0.673583532306215;0.151439647032156,0.913014498645068;0.778050529499016,0.756141926441929;0.741173463627264,0.168512427287545;0.0876437222952857,0.964015937706506;0.470425708481648,0.348265950752917;0.292829610083521,0.598487561932561;0.406850582025529,0.731391705452838;0.430237247543503,0.870816363254405;0.871262140219956,0.333399437135350;0.707250137217728,0.463042712596264;0.0142973312746552,0.166886711732574;0.0245837084462989,0.466389296693143;0.236994247170202,0.456370455255218;0.598265436268776,0.127822299283932;0.926198153290609,0.639930370392182;0.334413488822878,0.896488227238531;0.443032939162917,0.427427957846508;0.0991380567194883,0.175846033365880;0.715151205267871,0.294898346991532;0.721638406610134,0.0587383128869224;0.782470952751407,0.0601728810384173;0.942045100936627,0.0266598923540069;0.0475684765606691,0.550467405320711;0.800350387947629,0.563050714329366;0.466788405374054,0.304595613761088;0.279139849677783,0.754510784702297;0.0447210821128327,0.671103187580155;0.787550968567015,0.939838254337713;0.899123861423961,0.485154691181415;0.775683899677438,0.518087840973396;0.837450235582090,0.789203213435278;0.344420705880329,0.571168243892834;0.191192603795677,0.766494844432297;0.378438923860061,0.920166100163620;0.256333841550158,0.210306333287111;0.0214632398092577,0.608114181349688;0.293278784780504,0.465725204435141;0.240422777514371,0.616699894336789;0.202589008910586,0.203092123754255;0.348220780592835,0.677600524047734;0.537149596656765,0.0173155583220036;0.124314272622256,0.226607511496155;0.192738309670600,0.914466037759236;0.488619539455234,0.768434032614168;0.407010404102642,0.533312642706680;0.734918843743705,0.0683802164192485;0.299904918967185,0.199584232173589;0.807136141451077,0.0120176306233901;0.913664517168352,0.966571912566926;0.765108041299724,0.832200690295632;0.334211696126535,0.445309060248767;0.719337934780301,0.990495465712949;0.0335931645744745,0.794284383653600;0.615623896929065,0.488611168068191;0.112184865757560,0.130589254209538;0.0506021581783623,0.212242519268368;0.0552102492479777,0.831110154723853;0.0262195967692186,0.323787369673580;0.955435581800110,0.738767713808585;0.525213803497993,0.159872758854640;0.756254015153826,0.731470715483821;0.589818318147174,0.0536941171904529;0.738905633959864,0.714389527083785;0.319416999363896,0.121735642299081;0.848129833708729,0.984044737989997;0.493646821428674,0.593098196266203;0.114835278208844,0.269543205364821;0.812272382178224,0.432003590924972;0.666829160039590,0.930512342342939;0.381783083914011,0.507885308540296;0.718808964344897,0.0640980052808117;0.418627894303215,0.659111312806854;0.0559327094009257,0.449172017844814;0.584999660582087,0.147168497595702;0.298827723198670,0.775228089906687;0.409562578791110,0.531261756843833;0.586089706274874,0.0878941964863205;0.315621564978314,0.900460695951333;0.147358447504408,0.868151184025940;0.991529275377820,0.0562998612769433;0.107493243817195,0.640056253376155;0.334256834168659,0.889264629794461;0.0379589602640043,0.347723192695842;0.922406597999313,0.666719506046494;0.373141767132931,0.454460742891694;0.989160720830219,0.446878937928708;0.543456031093595,0.0170310231720651;0.563316516800312,0.861417656196086;0.187898618609450,0.937822118715544;0.215495628748610,0.478774086979043;0.485306895364261,0.569831493793170;0.219500737305357,0.992795582450183;0.936872548362282,0.404134625950054;0.277624636235479,0.219841318752584;0.953103538581981,0.866496585605024;0.814932510793150,0.689023069077314;0.349598804621487,0.171469383296141;0.0216060447638035,0.00902372872092816;0.341013043092474,0.169077127538321;0.384397811924298,0.206387770951504;0.0932896254234417,0.901622188806186;0.969252776709913,0.709139897416604;0.190044957173184,0.131930049727709;0.164620463933557,0.425204689342426;0.507031443025240,0.661446714250263;0.508238273215872,0.322383080983399;0.0514781512552508,0.597436790067751;0.367011700837063,0.210647153317548;0.584797236625955,0.189618227177975;0.994750591834159,0.208315555445146;0.435131772858032,0.713345381914946;0.695997788483381,0.252696410897019;0.0164754955139705,0.270015009688202;0.152540095503124,0.481757359283581;0.899538852278359,0.220673729581596;0.0463763013823250,0.354664189148112;0.0293269895896349,0.637734017278605;0.574444491295931,0.749754307661468;0.340404165658471,0.492421401561606;0.219300767245549,0.617388763954745;0.903991054375013,0.319453111261942;0.683087841522802,0.302499087994426;0.371648147433041,0.141789496281462;0.401117836492822,0.844342381495237;0.204970269546629,0.288154319299721;0.237699193799980,0.908832329658068;0.884360645947479,0.113209175875818;0.921243055684344,0.613860595050540;0.781648862269082,0.283904108955030;0.241915788011649,0.508132007325918;0.583596302269313,0.538875114256029;0.201855690473658,0.0521505093155784;0.127067768373594,0.437082481116893;0.687669321328120,0.218729639950497;0.910739011175164,0.918338990657680;0.750940069868364,0.691453098813723;0.822908904336123,0.115925259904350;0.225120852448046,0.359622792241797;0.386746304449196,0.306055720710478;0.418688452045263,0.302248075913999;0.935785662295632,0.561445487419883;0.105554849257096,0.796098974386462;0.531289272107127,0.469948705129241;